138110
129103
133467
83377
125819
96890
69205
113143
40519
24164
166771
12060
73757
28563
114154
146811
124237
130876
35642
109206
120004
194761
115908
193822
4576
30121
160358
145873
122603
110818
191667
108294
56062
172459
110003
120520
172111
133265
5545
19095
5581
185387
129686
95617
42029
91673
42089
187090
195913
25295
114320
123628
14385
92030
2866
49626
167644
155845
135937
99446
188695
107023
120586
30661
172251
153259
37697
197722
67697
98231
46741
11056
62265
167205
48269
61613
21674
30410
55605
167209
109070
140373
138980
16301
131608
88090
31820
47901
22594
135997
145521
137519
71410
171288
47436
34985
75290
120234
20699
66515
126146
39119
63946
89725
128936
150339
171867
197827
180224
192578
136019
1182
92795
64801
159428
202362
155733
26155
114876
201889
64621
35806
118935
112369
139206
146257
110301
144053
33894
110
101024
36462
117653
96390
31482
188611
187721
22789
208006
79514
183818
147942
169901
25839
84200
86653
207095
113331
55917
181829
97713
102664
130901
95806
54759
101069
90332
195094
168814
98619
212504
118604
65867
91352
9512
171487
187827
16236
135540
134223
166077
153324
145004
105577
68055
196486
16755
101499
89017
140266
131826
104791
64678
84618
22771
174944
150787
185623
157374
59395
104099
132115
7019
53876
118588
187992
211902
142754
56851
132540
183644
71504
79602
96255
34561
20987
740
141733
145302
146885
196870
63287
31002
131734
160507
101083
16559
21973
109340
120587
52900
10336
36350
91709
71386
65259
153404
170026
98865
6475
182839
213263
5858
101420
201444
91260
36240
113002
202478
162808
146286
204469
2653
12924
5396
142326
87769
96301
12883
74540
61842
101737
165597
182584
42542
212874
145937
1052
178168
105187
97125
62891
90233
117491
73
125825
9004
154259
118576
95162
207858
9123
61291
21487
4516
185042
183086
4021
159338
83957
194974
213222
179280
57667
129346
28068
26234
16625
65777
6759
214048
15781
167611
74972
43595
185619
54520
676
64361
18905
57726
73570
204622
180438
118632
51441
132449
97129
90696
108632
212353
198563
181368
82153
5677
152307
109075
152631
102629
495
132263
1319
136810
15422
85184
199848
24193
99926
173468
115036
92574
179613
212897
155128
89603
79139
76337
159628
183472
153966
101170
201787
8694
214300
17648
119939
34447
50046
7403
116705
144377
84265
189732
139859
185024
50054
122371
176067
83548
61493
11315
106477
207134
27341
126000
141729
30311
145682
32713
184464
207557
98803
148520
127187
209362
887
104306
93577
88991
202363
138292
25144
40433
101626
9066
95674
159313
130649
20728
73388
45469
74094
155856
196506
33414
71301
113304
91954
60418
21830
11206
150353
94748
140956
89776
124343
24350
30315
62598
184251
169455
108015
198103
138662
120486
166825
34704
94316
70586
43933
77177
41931
106238
214537
123272
150180
155648
23833
27434
106132
186910
115779
109981
112454
180438
184818
205923
180803
210068
125755
97201
114886
57924
136123
34427
161458
210051
62929
15766
143975
26780
21219
193348
119919
165528
47343
149491
6051
24960
61748
49974
110573
90356
98020
93046
56549
44179
15019
67524
30146
141298
102093
209353
7227
28750
85930
81609
95363
86806
140973
132974
5007
198158
6322
123054
29740
49291
41368
128960
137487
157413
124908
29764
23382
204294
53741
81598
29834
140418
12687
